0.125
0.462
1.473
1.81
2.821
3.832
4.169
4.844
5.518
5.855
6.866
7.203
8.214
9.226
9.563
10.237
10.911
11.248
11.922
12.428
12.596
13.608
14.282
14.956
15.124
15.63
15.799
16.304
16.641
17.316
17.821
17.99
19.001
19.675
20.349
20.517
21.023
21.698
22.035
22.709
23.046
23.214
23.889
24.563
24.731
25.405
25.742
25.911
26.585
27.091
27.428
28.102
28.439
28.608
29.282
29.956
30.124
30.798
31.136
31.641
31.81
32.484
32.821
33.495
33.832
34.0
34.675
35.349
35.517
36.191
36.528
36.697
37.372
37.877
38.214
38.888
39.225
39.394
40.068
40.742
40.91
41.584
41.922
42.091
42.596
42.765
43.271
43.945
44.282
44.619
45.293
45.63
45.967
46.304
46.641
46.978
47.316
47.99
48.327
48.664
49.338
49.675
50.012
50.686
51.023
51.36
52.035
52.709
53.046
53.383
54.057
54.394
54.731
55.405
55.742
56.08
56.417
56.754
57.259
57.428
58.102
58.438
58.608
59.113
59.45
59.787
59.956
60.462
60.798
61.136
61.473
61.81
62.147
62.652
62.821
63.495
63.664
64.169
64.507
64.844
65.181
65.518
66.192
66.529
66.867
67.204
67.541
68.046
68.214
68.889
69.225
69.395
69.9
70.237
70.574
70.743
71.249
71.585
71.922
72.26
72.597
72.934
73.439
73.608
74.282
74.451
74.956
75.293
75.63
75.967
76.472
76.978
77.316
77.653
78.327
78.664
79.169
79.675
80.012
80.349
80.686
81.023
81.36
81.866
82.371
82.709
83.046
83.72
84.057
84.562
85.068
85.377
86.08
86.417
86.754
87.259
87.428
87.765
88.103
88.439
89.113
89.45
89.956
90.124
90.461
90.798
91.136
91.472
91.81
92.147
92.652
92.821
93.158
93.496
93.833
94.506
94.843
95.349
95.517
95.854
96.164
96.866
97.203
97.54
98.551
98.888
99.899
100.91
101.248
101.922
102.596
102.933
103.944
104.281
105.292
106.304
106.641
107.316
107.99
108.326
109.001
109.506
109.674
110.686
111.36
112.034
112.203
112.708
112.877
113.382
113.719
114.394
114.9
115.068
116.079
116.754
117.427
117.595
118.102
118.776
119.113
119.787
120.124
120.292
120.967
121.641
121.809
122.483
122.82
122.99
123.664
124.169
124.507
125.18
125.517
125.686
126.36
127.034
127.202
127.876
128.214
128.72
128.888
129.563
129.899
130.573
130.91
131.08
131.754
132.427
132.595
133.271
133.608
133.776
134.45
134.955
135.292
135.966
136.304
136.472
137.147
137.821
137.99
138.664
139.0
139.169
139.675
140.349
140.518
